    0    1    2    3   48
    0    1    2    4   48
    0    1    2    5   48
    0    1    2    6   48
    0    1    2    7   48
    0    1    2    8   48
    0    1    2    9   48
    0    1    2   10   48
    0    1    2   11   48
    0    1    2   20   48
    0    1    2   21   48
    0    1    2   24   48
    0    1    2   25   48
    0    1    2   36   48
    0    1    2   37   48
    0    1    2   38   48
    0    1    2   39   48
    0    1    3    4   48
    0    1    3    5   48
    0    1    3    6   48
    0    1    3    7   48
    0    1    3    8   48
    0    1    3    9   48
    0    1    3   10   48
    0    1    3   11   48
    0    1    3   20   48
    0    1    3   21   48
    0    1    3   24   48
    0    1    3   25   48
    0    1    3   36   48
    0    1    3   37   48
    0    1    3   38   48
    0    1    3   39   48
    0    1    4    5   48
    0    1    4    6   48
    0    1    4    7   48
    0    1    4    8   48
    0    1    4    9   48
    0    1    4   10   48
    0    1    4   11   48
    0    1    5    6   48
    0    1    5    7   48
    0    1    5    8   48
    0    1    5    9   48
    0    1    5   10   48
    0    1    5   11   48
    0    1    6    7   48
    0    1    6    8   48
    0    1    6    9   48
    0    1    6   10   48
    0    1    6   11   48
    0    1    7    8   48
    0    1    7    9   48
    0    1    7   10   48
    0    1    7   11   48
    0    1    8    9   48
    0    1    8   10   48
    0    1    8   11   48
    0    1    9   10   48
    0    1    9   11   48
    0    1   10   11   48
    0    1   20   21   48
    0    1   20   24   48
    0    1   20   25   48
    0    1   20   36   48
    0    1   20   37   48
    0    1   20   38   48
    0    1   20   39   48
    0    1   21   24   48
    0    1   21   25   48
    0    1   21   36   48
    0    1   21   37   48
    0    1   21   38   48
    0    1   21   39   48
    0    1   24   25   48
    0    1   24   36   48
    0    1   24   37   48
    0    1   24   38   48
    0    1   24   39   48
    0    1   25   36   48
    0    1   25   37   48
    0    1   25   38   48
    0    1   25   39   48
    0    1   36   37   48
    0    1   36   38   48
    0    1   36   39   48
    0    1   37   38   48
    0    1   37   39   48
    0    1   38   39   48
    0    2    3    4   48
    0    2    3    5   48
    0    2    3    6   48
    0    2    3    7   48
    0    2    3    8   48
    0    2    3    9   48
    0    2    3   10   48
    0    2    3   11   48
    0    2    3   20   48
    0    2    3   21   48
    0    2    3   24   48
    0    2    3   25   48
    0    2    3   36   48
    0    2    3   37   48
    0    2    3   38   48
    0    2    3   39   48
    0    2    4    5   48
    0    2    4    6   48
    0    2    4    7   48
    0    2    4    8   48
    0    2    4    9   48
    0    2    4   10   48
    0    2    4   11   48
    0    2    5    6   48
    0    2    5    7   48
    0    2    5    8   48
    0    2    5    9   48
    0    2    5   10   48
    0    2    5   11   48
    0    2    6    7   48
    0    2    6    8   48
    0    2    6    9   48
    0    2    6   10   48
    0    2    6   11   48
    0    2    7    8   48
    0    2    7    9   48
    0    2    7   10   48
    0    2    7   11   48
    0    2    8    9   48
    0    2    8   10   48
    0    2    8   11   48
    0    2    9   10   48
    0    2    9   11   48
    0    2   10   11   48
    0    2   20   21   48
    0    2   20   24   48
    0    2   20   25   48
    0    2   20   36   48
    0    2   20   37   48
    0    2   20   38   48
    0    2   20   39   48
    0    2   21   24   48
    0    2   21   25   48
    0    2   21   36   48
    0    2   21   37   48
    0    2   21   38   48
    0    2   21   39   48
    0    2   24   25   48
    0    2   24   36   48
    0    2   24   37   48
    0    2   24   38   48
    0    2   24   39   48
    0    2   25   36   48
    0    2   25   37   48
    0    2   25   38   48
    0    2   25   39   48
    0    2   36   37   48
    0    2   36   38   48
    0    2   36   39   48
    0    2   37   38   48
    0    2   37   39   48
    0    2   38   39   48
    0    3    4    5   48
    0    3    4    6   48
    0    3    4    7   48
    0    3    4    8   48
    0    3    4    9   48
    0    3    4   10   48
    0    3    4   11   48
    0    3    5    6   48
    0    3    5    7   48
    0    3    5    8   48
    0    3    5    9   48
    0    3    5   10   48
    0    3    5   11   48
    0    3    6    7   48
    0    3    6    8   48
    0    3    6    9   48
    0    3    6   10   48
    0    3    6   11   48
    0    3    7    8   48
    0    3    7    9   48
    0    3    7   10   48
    0    3    7   11   48
    0    3    8    9   48
    0    3    8   10   48
    0    3    8   11   48
    0    3    9   10   48
    0    3    9   11   48
    0    3   10   11   48
    0    3   20   21   48
    0    3   20   24   48
    0    3   20   25   48
    0    3   20   36   48
    0    3   20   37   48
    0    3   20   38   48
    0    3   20   39   48
    0    3   21   24   48
    0    3   21   25   48
    0    3   21   36   48
    0    3   21   37   48
    0    3   21   38   48
    0    3   21   39   48
    0    3   24   25   48
    0    3   24   36   48
    0    3   24   37   48
    0    3   24   38   48
    0    3   24   39   48
    0    3   25   36   48
    0    3   25   37   48
    0    3   25   38   48
    0    3   25   39   48
    0    3   36   37   48
    0    3   36   38   48
    0    3   36   39   48
    0    3   37   38   48
    0    3   37   39   48
    0    3   38   39   48
    0    4    5    6   48
    0    4    5    7   48
    0    4    5    8   48
    0    4    5    9   48
    0    4    5   10   48
    0    4    5   11   48
    0    4    6    7   48
    0    4    6    8   48
    0    4    6    9   48
    0    4    6   10   48
    0    4    6   11   48
    0    4    6   20   48
    0    4    6   22   48
    0    4    6   24   48
    0    4    6   26   48
    0    4    6   36   48
    0    4    6   40   48
    0    4    6   42   48
    0    4    6   44   48
    0    4    7    8   48
    0    4    7    9   48
    0    4    7   10   48
    0    4    7   11   48
    0    4    8    9   48
    0    4    8   10   48
    0    4    8   11   48
    0    4    8   20   48
    0    4    8   22   48
    0    4    8   24   48
    0    4    8   26   48
    0    4    8   36   48
    0    4    8   40   48
    0    4    8   42   48
    0    4    8   44   48
    0    4    9   10   48
    0    4    9   11   48
    0    4   10   11   48
    0    4   20   22   48
    0    4   20   24   48
    0    4   20   26   48
    0    4   20   36   48
    0    4   20   40   48
    0    4   20   42   48
    0    4   20   44   48
    0    4   22   24   48
    0    4   22   26   48
    0    4   22   36   48
    0    4   22   40   48
    0    4   22   42   48
    0    4   22   44   48
    0    4   24   26   48
    0    4   24   36   48
    0    4   24   40   48
    0    4   24   42   48
    0    4   24   44   48
    0    4   26   36   48
    0    4   26   40   48
    0    4   26   42   48
    0    4   26   44   48
    0    4   36   40   48
    0    4   36   42   48
    0    4   36   44   48
    0    4   40   42   48
    0    4   40   44   48
    0    4   42   44   48
    0    5    6    7   48
    0    5    6    8   48
    0    5    6    9   48
    0    5    6   10   48
    0    5    6   11   48
    0    5    7    8   48
    0    5    7    9   48
    0    5    7   10   48
    0    5    7   11   48
    0    5    8    9   48
    0    5    8   10   48
    0    5    8   11   48
    0    5    9   10   48
    0    5    9   11   48
    0    5   10   11   48
    0    6    7    8   48
    0    6    7    9   48
    0    6    7   10   48
    0    6    7   11   48
    0    6    8    9   48
    0    6    8   10   48
    0    6    8   11   48
    0    6    8   20   48
    0    6    8   22   48
    0    6    8   24   48
    0    6    8   26   48
    0    6    8   36   48
    0    6    8   40   48
    0    6    8   42   48
    0    6    8   44   48
    0    6    9   10   48
    0    6    9   11   48
    0    6   10   11   48
    0    6   20   22   48
    0    6   20   24   48
    0    6   20   26   48
    0    6   20   36   48
    0    6   20   40   48
    0    6   20   42   48
    0    6   20   44   48
    0    6   22   24   48
    0    6   22   26   48
    0    6   22   36   48
    0    6   22   40   48
    0    6   22   42   48
    0    6   22   44   48
    0    6   24   26   48
    0    6   24   36   48
    0    6   24   40   48
    0    6   24   42   48
    0    6   24   44   48
    0    6   26   36   48
    0    6   26   40   48
    0    6   26   42   48
    0    6   26   44   48
    0    6   36   40   48
    0    6   36   42   48
    0    6   36   44   48
    0    6   40   42   48
    0    6   40   44   48
    0    6   42   44   48
    0    7    8    9   48
    0    7    8   10   48
    0    7    8   11   48
    0    7    9   10   48
    0    7    9   11   48
    0    7   10   11   48
    0    8    9   10   48
    0    8    9   11   48
    0    8   10   11   48
    0    8   20   22   48
    0    8   20   24   48
    0    8   20   26   48
    0    8   20   36   48
    0    8   20   40   48
    0    8   20   42   48
    0    8   20   44   48
    0    8   22   24   48
    0    8   22   26   48
    0    8   22   36   48
    0    8   22   40   48
    0    8   22   42   48
    0    8   22   44   48
    0    8   24   26   48
    0    8   24   36   48
    0    8   24   40   48
    0    8   24   42   48
    0    8   24   44   48
    0    8   26   36   48
    0    8   26   40   48
    0    8   26   42   48
    0    8   26   44   48
    0    8   36   40   48
    0    8   36   42   48
    0    8   36   44   48
    0    8   40   42   48
    0    8   40   44   48
    0    8   42   44   48
    0    9   10   11   48
    0   20   21   24   48
    0   20   21   25   48
    0   20   21   36   48
    0   20   21   37   48
    0   20   21   38   48
    0   20   21   39   48
    0   20   22   24   48
    0   20   22   26   48
    0   20   22   36   48
    0   20   22   40   48
    0   20   22   42   48
    0   20   22   44   48
    0   20   24   25   48
    0   20   24   26   48
    0   20   24   36   48
    0   20   24   37   48
    0   20   24   38   48
    0   20   24   39   48
    0   20   24   40   48
    0   20   24   42   48
    0   20   24   44   48
    0   20   25   36   48
    0   20   25   37   48
    0   20   25   38   48
    0   20   25   39   48
    0   20   26   36   48
    0   20   26   40   48
    0   20   26   42   48
    0   20   26   44   48
    0   20   36   37   48
    0   20   36   38   48
    0   20   36   39   48
    0   20   36   40   48
    0   20   36   42   48
    0   20   36   44   48
    0   20   37   38   48
    0   20   37   39   48
    0   20   38   39   48
    0   20   40   42   48
    0   20   40   44   48
    0   20   42   44   48
    0   21   24   25   48
    0   21   24   36   48
    0   21   24   37   48
    0   21   24   38   48
    0   21   24   39   48
    0   21   25   36   48
    0   21   25   37   48
    0   21   25   38   48
    0   21   25   39   48
    0   21   36   37   48
    0   21   36   38   48
    0   21   36   39   48
    0   21   37   38   48
    0   21   37   39   48
    0   21   38   39   48
    0   22   24   26   48
    0   22   24   36   48
    0   22   24   40   48
    0   22   24   42   48
    0   22   24   44   48
    0   22   26   36   48
    0   22   26   40   48
    0   22   26   42   48
    0   22   26   44   48
    0   22   36   40   48
    0   22   36   42   48
    0   22   36   44   48
    0   22   40   42   48
    0   22   40   44   48
    0   22   42   44   48
    0   24   25   36   48
    0   24   25   37   48
    0   24   25   38   48
    0   24   25   39   48
    0   24   26   36   48
    0   24   26   40   48
    0   24   26   42   48
    0   24   26   44   48
    0   24   36   37   48
    0   24   36   38   48
    0   24   36   39   48
    0   24   36   40   48
    0   24   36   42   48
    0   24   36   44   48
    0   24   37   38   48
    0   24   37   39   48
    0   24   38   39   48
    0   24   40   42   48
    0   24   40   44   48
    0   24   42   44   48
    0   25   36   37   48
    0   25   36   38   48
    0   25   36   39   48
    0   25   37   38   48
    0   25   37   39   48
    0   25   38   39   48
    0   26   36   40   48
    0   26   36   42   48
    0   26   36   44   48
    0   26   40   42   48
    0   26   40   44   48
    0   26   42   44   48
    0   36   37   38   48
    0   36   37   39   48
    0   36   38   39   48
    0   36   40   42   48
    0   36   40   44   48
    0   36   42   44   48
    0   37   38   39   48
    0   40   42   44   48
    1    2    3    4   48
    1    2    3    5   48
    1    2    3    6   48
    1    2    3    7   48
    1    2    3    8   48
    1    2    3    9   48
    1    2    3   10   48
    1    2    3   11   48
    1    2    3   20   48
    1    2    3   21   48
    1    2    3   24   48
    1    2    3   25   48
    1    2    3   36   48
    1    2    3   37   48
    1    2    3   38   48
    1    2    3   39   48
    1    2    4    5   48
    1    2    4    6   48
    1    2    4    7   48
    1    2    4    8   48
    1    2    4    9   48
    1    2    4   10   48
    1    2    4   11   48
    1    2    5    6   48
    1    2    5    7   48
    1    2    5    8   48
    1    2    5    9   48
    1    2    5   10   48
    1    2    5   11   48
    1    2    6    7   48
    1    2    6    8   48
    1    2    6    9   48
    1    2    6   10   48
    1    2    6   11   48
    1    2    7    8   48
    1    2    7    9   48
    1    2    7   10   48
    1    2    7   11   48
    1    2    8    9   48
    1    2    8   10   48
    1    2    8   11   48
    1    2    9   10   48
    1    2    9   11   48
    1    2   10   11   48
    1    2   20   21   48
    1    2   20   24   48
    1    2   20   25   48
    1    2   20   36   48
    1    2   20   37   48
    1    2   20   38   48
    1    2   20   39   48
    1    2   21   24   48
    1    2   21   25   48
    1    2   21   36   48
    1    2   21   37   48
    1    2   21   38   48
    1    2   21   39   48
    1    2   24   25   48
    1    2   24   36   48
    1    2   24   37   48
    1    2   24   38   48
    1    2   24   39   48
    1    2   25   36   48
    1    2   25   37   48
    1    2   25   38   48
    1    2   25   39   48
    1    2   36   37   48
    1    2   36   38   48
    1    2   36   39   48
    1    2   37   38   48
    1    2   37   39   48
    1    2   38   39   48
    1    3    4    5   48
    1    3    4    6   48
    1    3    4    7   48
    1    3    4    8   48
    1    3    4    9   48
    1    3    4   10   48
    1    3    4   11   48
    1    3    5    6   48
    1    3    5    7   48
    1    3    5    8   48
    1    3    5    9   48
    1    3    5   10   48
    1    3    5   11   48
    1    3    6    7   48
    1    3    6    8   48
    1    3    6    9   48
    1    3    6   10   48
    1    3    6   11   48
    1    3    7    8   48
    1    3    7    9   48
    1    3    7   10   48
    1    3    7   11   48
    1    3    8    9   48
    1    3    8   10   48
    1    3    8   11   48
    1    3    9   10   48
    1    3    9   11   48
    1    3   10   11   48
    1    3   20   21   48
    1    3   20   24   48
    1    3   20   25   48
    1    3   20   36   48
    1    3   20   37   48
    1    3   20   38   48
    1    3   20   39   48
    1    3   21   24   48
    1    3   21   25   48
    1    3   21   36   48
    1    3   21   37   48
    1    3   21   38   48
    1    3   21   39   48
    1    3   24   25   48
    1    3   24   36   48
    1    3   24   37   48
    1    3   24   38   48
    1    3   24   39   48
    1    3   25   36   48
    1    3   25   37   48
    1    3   25   38   48
    1    3   25   39   48
    1    3   36   37   48
    1    3   36   38   48
    1    3   36   39   48
    1    3   37   38   48
    1    3   37   39   48
    1    3   38   39   48
    1    4    5    6   48
    1    4    5    7   48
    1    4    5    8   48
    1    4    5    9   48
    1    4    5   10   48
    1    4    5   11   48
    1    4    6    7   48
    1    4    6    8   48
    1    4    6    9   48
    1    4    6   10   48
    1    4    6   11   48
    1    4    7    8   48
    1    4    7    9   48
    1    4    7   10   48
    1    4    7   11   48
    1    4    8    9   48
    1    4    8   10   48
    1    4    8   11   48
    1    4    9   10   48
    1    4    9   11   48
    1    4   10   11   48
    1    5    6    7   48
    1    5    6    8   48
    1    5    6    9   48
    1    5    6   10   48
    1    5    6   11   48
    1    5    7    8   48
    1    5    7    9   48
    1    5    7   10   48
    1    5    7   11   48
    1    5    8    9   48
    1    5    8   10   48
    1    5    8   11   48
    1    5    9   10   48
    1    5    9   11   48
    1    5   10   11   48
    1    6    7    8   48
    1    6    7    9   48
    1    6    7   10   48
    1    6    7   11   48
    1    6    8    9   48
    1    6    8   10   48
    1    6    8   11   48
    1    6    9   10   48
    1    6    9   11   48
    1    6   10   11   48
    1    7    8    9   48
    1    7    8   10   48
    1    7    8   11   48
    1    7    9   10   48
    1    7    9   11   48
    1    7   10   11   48
    1    8    9   10   48
    1    8    9   11   48
    1    8   10   11   48
    1    9   10   11   48
    1    9   14   16   48
    1    9   14   30   48
    1    9   14   32   48
    1    9   14   37   48
    1    9   14   45   48
    1    9   16   30   48
    1    9   16   32   48
    1    9   16   37   48
    1    9   16   45   48
    1    9   30   32   48
    1    9   30   37   48
    1    9   30   45   48
    1    9   32   37   48
    1    9   32   45   48
    1    9   37   45   48
    1   14   16   30   48
    1   14   16   32   48
    1   14   16   37   48
    1   14   16   45   48
    1   14   30   32   48
    1   14   30   37   48
    1   14   30   45   48
    1   14   32   37   48
    1   14   32   45   48
    1   14   37   45   48
    1   16   30   32   48
    1   16   30   37   48
    1   16   30   45   48
    1   16   32   37   48
    1   16   32   45   48
    1   16   37   45   48
    1   20   21   24   48
    1   20   21   25   48
    1   20   21   36   48
    1   20   21   37   48
    1   20   21   38   48
    1   20   21   39   48
    1   20   24   25   48
    1   20   24   36   48
    1   20   24   37   48
    1   20   24   38   48
    1   20   24   39   48
    1   20   25   36   48
    1   20   25   37   48
    1   20   25   38   48
    1   20   25   39   48
    1   20   36   37   48
    1   20   36   38   48
    1   20   36   39   48
    1   20   37   38   48
    1   20   37   39   48
    1   20   38   39   48
    1   21   24   25   48
    1   21   24   36   48
    1   21   24   37   48
    1   21   24   38   48
    1   21   24   39   48
    1   21   25   36   48
    1   21   25   37   48
    1   21   25   38   48
    1   21   25   39   48
    1   21   36   37   48
    1   21   36   38   48
    1   21   36   39   48
    1   21   37   38   48
    1   21   37   39   48
    1   21   38   39   48
    1   24   25   36   48
    1   24   25   37   48
    1   24   25   38   48
    1   24   25   39   48
    1   24   36   37   48
    1   24   36   38   48
    1   24   36   39   48
    1   24   37   38   48
    1   24   37   39   48
    1   24   38   39   48
    1   25   36   37   48
    1   25   36   38   48
    1   25   36   39   48
    1   25   37   38   48
    1   25   37   39   48
    1   25   38   39   48
    1   30   32   37   48
    1   30   32   45   48
    1   30   37   45   48
    1   32   37   45   48
    1   36   37   38   48
    1   36   37   39   48
    1   36   38   39   48
    1   37   38   39   48
    2    3    4    5   48
    2    3    4    6   48
    2    3    4    7   48
    2    3    4    8   48
    2    3    4    9   48
    2    3    4   10   48
    2    3    4   11   48
    2    3    5    6   48
    2    3    5    7   48
    2    3    5    8   48
    2    3    5    9   48
    2    3    5   10   48
    2    3    5   11   48
    2    3    6    7   48
    2    3    6    8   48
    2    3    6    9   48
    2    3    6   10   48
    2    3    6   11   48
    2    3    7    8   48
    2    3    7    9   48
    2    3    7   10   48
    2    3    7   11   48
    2    3    8    9   48
    2    3    8   10   48
    2    3    8   11   48
    2    3    9   10   48
    2    3    9   11   48
    2    3   10   11   48
    2    3   20   21   48
    2    3   20   24   48
    2    3   20   25   48
    2    3   20   36   48
    2    3   20   37   48
    2    3   20   38   48
    2    3   20   39   48
    2    3   21   24   48
    2    3   21   25   48
    2    3   21   36   48
    2    3   21   37   48
    2    3   21   38   48
    2    3   21   39   48
    2    3   24   25   48
    2    3   24   36   48
    2    3   24   37   48
    2    3   24   38   48
    2    3   24   39   48
    2    3   25   36   48
    2    3   25   37   48
    2    3   25   38   48
    2    3   25   39   48
    2    3   36   37   48
    2    3   36   38   48
    2    3   36   39   48
    2    3   37   38   48
    2    3   37   39   48
    2    3   38   39   48
    2    4    5    6   48
    2    4    5    7   48
    2    4    5    8   48
    2    4    5    9   48
    2    4    5   10   48
    2    4    5   11   48
    2    4    6    7   48
    2    4    6    8   48
    2    4    6    9   48
    2    4    6   10   48
    2    4    6   11   48
    2    4    7    8   48
    2    4    7    9   48
    2    4    7   10   48
    2    4    7   11   48
    2    4    8    9   48
    2    4    8   10   48
    2    4    8   11   48
    2    4    9   10   48
    2    4    9   11   48
    2    4   10   11   48
    2    5    6    7   48
    2    5    6    8   48
    2    5    6    9   48
    2    5    6   10   48
    2    5    6   11   48
    2    5    7    8   48
    2    5    7    9   48
    2    5    7   10   48
    2    5    7   11   48
    2    5    8    9   48
    2    5    8   10   48
    2    5    8   11   48
    2    5    9   10   48
    2    5    9   11   48
    2    5   10   11   48
    2    6    7    8   48
    2    6    7    9   48
    2    6    7   10   48
    2    6    7   11   48
    2    6    8    9   48
    2    6    8   10   48
    2    6    8   11   48
    2    6    9   10   48
    2    6    9   11   48
    2    6   10   11   48
    2    7    8    9   48
    2    7    8   10   48
    2    7    8   11   48
    2    7    9   10   48
    2    7    9   11   48
    2    7   10   11   48
    2    8    9   10   48
    2    8    9   11   48
    2    8   10   11   48
    2    9   10   11   48
    2   10   15   17   48
    2   10   15   31   48
    2   10   15   33   48
    2   10   15   38   48
    2   10   15   46   48
    2   10   17   31   48
    2   10   17   33   48
    2   10   17   38   48
    2   10   17   46   48
    2   10   31   33   48
    2   10   31   38   48
    2   10   31   46   48
    2   10   33   38   48
    2   10   33   46   48
    2   10   38   46   48
    2   15   17   31   48
    2   15   17   33   48
    2   15   17   38   48
    2   15   17   46   48
    2   15   31   33   48
    2   15   31   38   48
    2   15   31   46   48
    2   15   33   38   48
    2   15   33   46   48
    2   15   38   46   48
    2   17   31   33   48
    2   17   31   38   48
    2   17   31   46   48
    2   17   33   38   48
    2   17   33   46   48
    2   17   38   46   48
    2   20   21   24   48
    2   20   21   25   48
    2   20   21   36   48
    2   20   21   37   48
    2   20   21   38   48
    2   20   21   39   48
    2   20   24   25   48
    2   20   24   36   48
    2   20   24   37   48
    2   20   24   38   48
    2   20   24   39   48
    2   20   25   36   48
    2   20   25   37   48
    2   20   25   38   48
    2   20   25   39   48
    2   20   36   37   48
    2   20   36   38   48
    2   20   36   39   48
    2   20   37   38   48
    2   20   37   39   48
    2   20   38   39   48
    2   21   24   25   48
    2   21   24   36   48
    2   21   24   37   48
    2   21   24   38   48
    2   21   24   39   48
    2   21   25   36   48
    2   21   25   37   48
    2   21   25   38   48
    2   21   25   39   48
    2   21   36   37   48
    2   21   36   38   48
    2   21   36   39   48
    2   21   37   38   48
    2   21   37   39   48
    2   21   38   39   48
    2   24   25   36   48
    2   24   25   37   48
    2   24   25   38   48
    2   24   25   39   48
    2   24   36   37   48
    2   24   36   38   48
    2   24   36   39   48
    2   24   37   38   48
    2   24   37   39   48
    2   24   38   39   48
    2   25   36   37   48
    2   25   36   38   48
    2   25   36   39   48
    2   25   37   38   48
    2   25   37   39   48
    2   25   38   39   48
    2   31   33   38   48
    2   31   33   46   48
    2   31   38   46   48
    2   33   38   46   48
    2   36   37   38   48
    2   36   37   39   48
    2   36   38   39   48
    2   37   38   39   48
    3    4    5    6   48
    3    4    5    7   48
    3    4    5    8   48
    3    4    5    9   48
    3    4    5   10   48
    3    4    5   11   48
    3    4    6    7   48
    3    4    6    8   48
    3    4    6    9   48
    3    4    6   10   48
    3    4    6   11   48
    3    4    7    8   48
    3    4    7    9   48
    3    4    7   10   48
    3    4    7   11   48
    3    4    8    9   48
    3    4    8   10   48
    3    4    8   11   48
    3    4    9   10   48
    3    4    9   11   48
    3    4   10   11   48
    3    5    6    7   48
    3    5    6    8   48
    3    5    6    9   48
    3    5    6   10   48
    3    5    6   11   48
    3    5    7    8   48
    3    5    7    9   48
    3    5    7   10   48
    3    5    7   11   48
    3    5    7   21   48
    3    5    7   23   48
    3    5    7   25   48
    3    5    7   27   48
    3    5    7   39   48
    3    5    7   41   48
    3    5    7   43   48
    3    5    7   47   48
    3    5    8    9   48
    3    5    8   10   48
    3    5    8   11   48
    3    5    9   10   48
    3    5    9   11   48
    3    5   10   11   48
    3    5   11   21   48
    3    5   11   23   48
    3    5   11   25   48
    3    5   11   27   48
    3    5   11   39   48
    3    5   11   41   48
    3    5   11   43   48
    3    5   11   47   48
    3    5   21   23   48
    3    5   21   25   48
    3    5   21   27   48
    3    5   21   39   48
    3    5   21   41   48
    3    5   21   43   48
    3    5   21   47   48
    3    5   23   25   48
    3    5   23   27   48
    3    5   23   39   48
    3    5   23   41   48
    3    5   23   43   48
    3    5   23   47   48
    3    5   25   27   48
    3    5   25   39   48
    3    5   25   41   48
    3    5   25   43   48
    3    5   25   47   48
    3    5   27   39   48
    3    5   27   41   48
    3    5   27   43   48
    3    5   27   47   48
    3    5   39   41   48
    3    5   39   43   48
    3    5   39   47   48
    3    5   41   43   48
    3    5   41   47   48
    3    5   43   47   48
    3    6    7    8   48
    3    6    7    9   48
    3    6    7   10   48
    3    6    7   11   48
    3    6    8    9   48
    3    6    8   10   48
    3    6    8   11   48
    3    6    9   10   48
    3    6    9   11   48
    3    6   10   11   48
    3    7    8    9   48
    3    7    8   10   48
    3    7    8   11   48
    3    7    9   10   48
    3    7    9   11   48
    3    7   10   11   48
    3    7   11   21   48
    3    7   11   23   48
    3    7   11   25   48
    3    7   11   27   48
    3    7   11   39   48
    3    7   11   41   48
    3    7   11   43   48
    3    7   11   47   48
    3    7   21   23   48
    3    7   21   25   48
    3    7   21   27   48
    3    7   21   39   48
    3    7   21   41   48
    3    7   21   43   48
    3    7   21   47   48
    3    7   23   25   48
    3    7   23   27   48
    3    7   23   39   48
    3    7   23   41   48
    3    7   23   43   48
    3    7   23   47   48
    3    7   25   27   48
    3    7   25   39   48
    3    7   25   41   48
    3    7   25   43   48
    3    7   25   47   48
    3    7   27   39   48
    3    7   27   41   48
    3    7   27   43   48
    3    7   27   47   48
    3    7   39   41   48
    3    7   39   43   48
    3    7   39   47   48
    3    7   41   43   48
    3    7   41   47   48
    3    7   43   47   48
    3    8    9   10   48
    3    8    9   11   48
    3    8   10   11   48
    3    9   10   11   48
    3   11   21   23   48
    3   11   21   25   48
    3   11   21   27   48
    3   11   21   39   48
    3   11   21   41   48
    3   11   21   43   48
    3   11   21   47   48
    3   11   23   25   48
    3   11   23   27   48
    3   11   23   39   48
    3   11   23   41   48
    3   11   23   43   48
    3   11   23   47   48
    3   11   25   27   48
    3   11   25   39   48
    3   11   25   41   48
    3   11   25   43   48
    3   11   25   47   48
    3   11   27   39   48
    3   11   27   41   48
    3   11   27   43   48
    3   11   27   47   48
    3   11   39   41   48
    3   11   39   43   48
    3   11   39   47   48
    3   11   41   43   48
    3   11   41   47   48
    3   11   43   47   48
    3   20   21   24   48
    3   20   21   25   48
    3   20   21   36   48
    3   20   21   37   48
    3   20   21   38   48
    3   20   21   39   48
    3   20   24   25   48
    3   20   24   36   48
    3   20   24   37   48
    3   20   24   38   48
    3   20   24   39   48
    3   20   25   36   48
    3   20   25   37   48
    3   20   25   38   48
    3   20   25   39   48
    3   20   36   37   48
    3   20   36   38   48
    3   20   36   39   48
    3   20   37   38   48
    3   20   37   39   48
    3   20   38   39   48
    3   21   23   25   48
    3   21   23   27   48
    3   21   23   39   48
    3   21   23   41   48
    3   21   23   43   48
    3   21   23   47   48
    3   21   24   25   48
    3   21   24   36   48
    3   21   24   37   48
    3   21   24   38   48
    3   21   24   39   48
    3   21   25   27   48
    3   21   25   36   48
    3   21   25   37   48
    3   21   25   38   48
    3   21   25   39   48
    3   21   25   41   48
    3   21   25   43   48
    3   21   25   47   48
    3   21   27   39   48
    3   21   27   41   48
    3   21   27   43   48
    3   21   27   47   48
    3   21   36   37   48
    3   21   36   38   48
    3   21   36   39   48
    3   21   37   38   48
    3   21   37   39   48
    3   21   38   39   48
    3   21   39   41   48
    3   21   39   43   48
    3   21   39   47   48
    3   21   41   43   48
    3   21   41   47   48
    3   21   43   47   48
    3   23   25   27   48
    3   23   25   39   48
    3   23   25   41   48
    3   23   25   43   48
    3   23   25   47   48
    3   23   27   39   48
    3   23   27   41   48
    3   23   27   43   48
    3   23   27   47   48
    3   23   39   41   48
    3   23   39   43   48
    3   23   39   47   48
    3   23   41   43   48
    3   23   41   47   48
    3   23   43   47   48
    3   24   25   36   48
    3   24   25   37   48
    3   24   25   38   48
    3   24   25   39   48
    3   24   36   37   48
    3   24   36   38   48
    3   24   36   39   48
    3   24   37   38   48
    3   24   37   39   48
    3   24   38   39   48
    3   25   27   39   48
    3   25   27   41   48
    3   25   27   43   48
    3   25   27   47   48
    3   25   36   37   48
    3   25   36   38   48
    3   25   36   39   48
    3   25   37   38   48
    3   25   37   39   48
    3   25   38   39   48
    3   25   39   41   48
    3   25   39   43   48
    3   25   39   47   48
    3   25   41   43   48
    3   25   41   47   48
    3   25   43   47   48
    3   27   39   41   48
    3   27   39   43   48
    3   27   39   47   48
    3   27   41   43   48
    3   27   41   47   48
    3   27   43   47   48
    3   36   37   38   48
    3   36   37   39   48
    3   36   38   39   48
    3   37   38   39   48
    3   39   41   43   48
    3   39   41   47   48
    3   39   43   47   48
    3   41   43   47   48
    4    5    6    7   48
    4    5    6    8   48
    4    5    6    9   48
    4    5    6   10   48
    4    5    6   11   48
    4    5    7    8   48
    4    5    7    9   48
    4    5    7   10   48
    4    5    7   11   48
    4    5    8    9   48
    4    5    8   10   48
    4    5    8   11   48
    4    5    9   10   48
    4    5    9   11   48
    4    5   10   11   48
    4    5   14   15   48
    4    5   14   30   48
    4    5   14   31   48
    4    5   14   40   48
    4    5   14   41   48
    4    5   15   30   48
    4    5   15   31   48
    4    5   15   40   48
    4    5   15   41   48
    4    5   30   31   48
    4    5   30   40   48
    4    5   30   41   48
    4    5   31   40   48
    4    5   31   41   48
    4    5   40   41   48
    4    6    7    8   48
    4    6    7    9   48
    4    6    7   10   48
    4    6    7   11   48
    4    6    8    9   48
    4    6    8   10   48
    4    6    8   11   48
    4    6    8   20   48
    4    6    8   22   48
    4    6    8   24   48
    4    6    8   26   48
    4    6    8   36   48
    4    6    8   40   48
    4    6    8   42   48
    4    6    8   44   48
    4    6    9   10   48
    4    6    9   11   48
    4    6   10   11   48
    4    6   20   22   48
    4    6   20   24   48
    4    6   20   26   48
    4    6   20   36   48
    4    6   20   40   48
    4    6   20   42   48
    4    6   20   44   48
    4    6   22   24   48
    4    6   22   26   48
    4    6   22   36   48
    4    6   22   40   48
    4    6   22   42   48
    4    6   22   44   48
    4    6   24   26   48
    4    6   24   36   48
    4    6   24   40   48
    4    6   24   42   48
    4    6   24   44   48
    4    6   26   36   48
    4    6   26   40   48
    4    6   26   42   48
    4    6   26   44   48
    4    6   36   40   48
    4    6   36   42   48
    4    6   36   44   48
    4    6   40   42   48
    4    6   40   44   48
    4    6   42   44   48
    4    7    8    9   48
    4    7    8   10   48
    4    7    8   11   48
    4    7    9   10   48
    4    7    9   11   48
    4    7   10   11   48
    4    8    9   10   48
    4    8    9   11   48
    4    8   10   11   48
    4    8   20   22   48
    4    8   20   24   48
    4    8   20   26   48
    4    8   20   36   48
    4    8   20   40   48
    4    8   20   42   48
    4    8   20   44   48
    4    8   22   24   48
    4    8   22   26   48
    4    8   22   36   48
    4    8   22   40   48
    4    8   22   42   48
    4    8   22   44   48
    4    8   24   26   48
    4    8   24   36   48
    4    8   24   40   48
    4    8   24   42   48
    4    8   24   44   48
    4    8   26   36   48
    4    8   26   40   48
    4    8   26   42   48
    4    8   26   44   48
    4    8   36   40   48
    4    8   36   42   48
    4    8   36   44   48
    4    8   40   42   48
    4    8   40   44   48
    4    8   42   44   48
    4    9   10   11   48
    4   14   15   30   48
    4   14   15   31   48
    4   14   15   40   48
    4   14   15   41   48
    4   14   30   31   48
    4   14   30   40   48
    4   14   30   41   48
    4   14   31   40   48
    4   14   31   41   48
    4   14   40   41   48
    4   15   30   31   48
    4   15   30   40   48
    4   15   30   41   48
    4   15   31   40   48
    4   15   31   41   48
    4   15   40   41   48
    4   20   22   24   48
    4   20   22   26   48
    4   20   22   36   48
    4   20   22   40   48
    4   20   22   42   48
    4   20   22   44   48
    4   20   24   26   48
    4   20   24   36   48
    4   20   24   40   48
    4   20   24   42   48
    4   20   24   44   48
    4   20   26   36   48
    4   20   26   40   48
    4   20   26   42   48
    4   20   26   44   48
    4   20   36   40   48
    4   20   36   42   48
    4   20   36   44   48
    4   20   40   42   48
    4   20   40   44   48
    4   20   42   44   48
    4   22   24   26   48
    4   22   24   36   48
    4   22   24   40   48
    4   22   24   42   48
    4   22   24   44   48
    4   22   26   36   48
    4   22   26   40   48
    4   22   26   42   48
    4   22   26   44   48
    4   22   36   40   48
    4   22   36   42   48
    4   22   36   44   48
    4   22   40   42   48
    4   22   40   44   48
    4   22   42   44   48
    4   24   26   36   48
    4   24   26   40   48
    4   24   26   42   48
    4   24   26   44   48
    4   24   36   40   48
    4   24   36   42   48
    4   24   36   44   48
    4   24   40   42   48
    4   24   40   44   48
    4   24   42   44   48
    4   26   36   40   48
    4   26   36   42   48
    4   26   36   44   48
    4   26   40   42   48
    4   26   40   44   48
    4   26   42   44   48
    4   30   31   40   48
    4   30   31   41   48
    4   30   40   41   48
    4   31   40   41   48
    4   36   40   42   48
    4   36   40   44   48
    4   36   42   44   48
    4   40   42   44   48
    5    6    7    8   48
    5    6    7    9   48
    5    6    7   10   48
    5    6    7   11   48
    5    6    8    9   48
    5    6    8   10   48
    5    6    8   11   48
    5    6    9   10   48
    5    6    9   11   48
    5    6   10   11   48
    5    7    8    9   48
    5    7    8   10   48
    5    7    8   11   48
    5    7    9   10   48
    5    7    9   11   48
    5    7   10   11   48
    5    7   11   21   48
    5    7   11   23   48
    5    7   11   25   48
    5    7   11   27   48
    5    7   11   39   48
    5    7   11   41   48
    5    7   11   43   48
    5    7   11   47   48
    5    7   21   23   48
    5    7   21   25   48
    5    7   21   27   48
    5    7   21   39   48
    5    7   21   41   48
    5    7   21   43   48
    5    7   21   47   48
    5    7   23   25   48
    5    7   23   27   48
    5    7   23   39   48
    5    7   23   41   48
    5    7   23   43   48
    5    7   23   47   48
    5    7   25   27   48
    5    7   25   39   48
    5    7   25   41   48
    5    7   25   43   48
    5    7   25   47   48
    5    7   27   39   48
    5    7   27   41   48
    5    7   27   43   48
    5    7   27   47   48
    5    7   39   41   48
    5    7   39   43   48
    5    7   39   47   48
    5    7   41   43   48
    5    7   41   47   48
    5    7   43   47   48
    5    8    9   10   48
    5    8    9   11   48
    5    8   10   11   48
    5    9   10   11   48
    5   11   21   23   48
    5   11   21   25   48
    5   11   21   27   48
    5   11   21   39   48
    5   11   21   41   48
    5   11   21   43   48
    5   11   21   47   48
    5   11   23   25   48
    5   11   23   27   48
    5   11   23   39   48
    5   11   23   41   48
    5   11   23   43   48
    5   11   23   47   48
    5   11   25   27   48
    5   11   25   39   48
    5   11   25   41   48
    5   11   25   43   48
    5   11   25   47   48
    5   11   27   39   48
    5   11   27   41   48
    5   11   27   43   48
    5   11   27   47   48
    5   11   39   41   48
    5   11   39   43   48
    5   11   39   47   48
    5   11   41   43   48
    5   11   41   47   48
    5   11   43   47   48
    5   14   15   30   48
    5   14   15   31   48
    5   14   15   40   48
    5   14   15   41   48
    5   14   30   31   48
    5   14   30   40   48
    5   14   30   41   48
    5   14   31   40   48
    5   14   31   41   48
    5   14   40   41   48
    5   15   30   31   48
    5   15   30   40   48
    5   15   30   41   48
    5   15   31   40   48
    5   15   31   41   48
    5   15   40   41   48
    5   21   23   25   48
    5   21   23   27   48
    5   21   23   39   48
    5   21   23   41   48
    5   21   23   43   48
    5   21   23   47   48
    5   21   25   27   48
    5   21   25   39   48
    5   21   25   41   48
    5   21   25   43   48
    5   21   25   47   48
    5   21   27   39   48
    5   21   27   41   48
    5   21   27   43   48
    5   21   27   47   48
    5   21   39   41   48
    5   21   39   43   48
    5   21   39   47   48
    5   21   41   43   48
    5   21   41   47   48
    5   21   43   47   48
    5   23   25   27   48
    5   23   25   39   48
    5   23   25   41   48
    5   23   25   43   48
    5   23   25   47   48
    5   23   27   39   48
    5   23   27   41   48
    5   23   27   43   48
    5   23   27   47   48
    5   23   39   41   48
    5   23   39   43   48
    5   23   39   47   48
    5   23   41   43   48
    5   23   41   47   48
    5   23   43   47   48
    5   25   27   39   48
    5   25   27   41   48
    5   25   27   43   48
    5   25   27   47   48
    5   25   39   41   48
    5   25   39   43   48
    5   25   39   47   48
    5   25   41   43   48
    5   25   41   47   48
    5   25   43   47   48
    5   27   39   41   48
    5   27   39   43   48
    5   27   39   47   48
    5   27   41   43   48
    5   27   41   47   48
    5   27   43   47   48
    5   30   31   40   48
    5   30   31   41   48
    5   30   40   41   48
    5   31   40   41   48
    5   39   41   43   48
    5   39   41   47   48
    5   39   43   47   48
    5   41   43   47   48
    6    7    8    9   48
    6    7    8   10   48
    6    7    8   11   48
    6    7    9   10   48
    6    7    9   11   48
    6    7   10   11   48
    6    7   16   17   48
    6    7   16   32   48
    6    7   16   33   48
    6    7   16   42   48
    6    7   16   43   48
    6    7   17   32   48
    6    7   17   33   48
    6    7   17   42   48
    6    7   17   43   48
    6    7   32   33   48
    6    7   32   42   48
    6    7   32   43   48
    6    7   33   42   48
    6    7   33   43   48
    6    7   42   43   48
    6    8    9   10   48
    6    8    9   11   48
    6    8   10   11   48
    6    8   20   22   48
    6    8   20   24   48
    6    8   20   26   48
    6    8   20   36   48
    6    8   20   40   48
    6    8   20   42   48
    6    8   20   44   48
    6    8   22   24   48
    6    8   22   26   48
    6    8   22   36   48
    6    8   22   40   48
    6    8   22   42   48
    6    8   22   44   48
    6    8   24   26   48
    6    8   24   36   48
    6    8   24   40   48
    6    8   24   42   48
    6    8   24   44   48
    6    8   26   36   48
    6    8   26   40   48
    6    8   26   42   48
    6    8   26   44   48
    6    8   36   40   48
    6    8   36   42   48
    6    8   36   44   48
    6    8   40   42   48
    6    8   40   44   48
    6    8   42   44   48
    6    9   10   11   48
    6   16   17   32   48
    6   16   17   33   48
    6   16   17   42   48
    6   16   17   43   48
    6   16   32   33   48
    6   16   32   42   48
    6   16   32   43   48
    6   16   33   42   48
    6   16   33   43   48
    6   16   42   43   48
    6   17   32   33   48
    6   17   32   42   48
    6   17   32   43   48
    6   17   33   42   48
    6   17   33   43   48
    6   17   42   43   48
    6   20   22   24   48
    6   20   22   26   48
    6   20   22   36   48
    6   20   22   40   48
    6   20   22   42   48
    6   20   22   44   48
    6   20   24   26   48
    6   20   24   36   48
    6   20   24   40   48
    6   20   24   42   48
    6   20   24   44   48
    6   20   26   36   48
    6   20   26   40   48
    6   20   26   42   48
    6   20   26   44   48
    6   20   36   40   48
    6   20   36   42   48
    6   20   36   44   48
    6   20   40   42   48
    6   20   40   44   48
    6   20   42   44   48
    6   22   24   26   48
    6   22   24   36   48
    6   22   24   40   48
    6   22   24   42   48
    6   22   24   44   48
    6   22   26   36   48
    6   22   26   40   48
    6   22   26   42   48
    6   22   26   44   48
    6   22   36   40   48
    6   22   36   42   48
    6   22   36   44   48
    6   22   40   42   48
    6   22   40   44   48
    6   22   42   44   48
    6   24   26   36   48
    6   24   26   40   48
    6   24   26   42   48
    6   24   26   44   48
    6   24   36   40   48
    6   24   36   42   48
    6   24   36   44   48
    6   24   40   42   48
    6   24   40   44   48
    6   24   42   44   48
    6   26   36   40   48
    6   26   36   42   48
    6   26   36   44   48
    6   26   40   42   48
    6   26   40   44   48
    6   26   42   44   48
    6   32   33   42   48
    6   32   33   43   48
    6   32   42   43   48
    6   33   42   43   48
    6   36   40   42   48
    6   36   40   44   48
    6   36   42   44   48
    6   40   42   44   48
    7    8    9   10   48
    7    8    9   11   48
    7    8   10   11   48
    7    9   10   11   48
    7   11   21   23   48
    7   11   21   25   48
    7   11   21   27   48
    7   11   21   39   48
    7   11   21   41   48
    7   11   21   43   48
    7   11   21   47   48
    7   11   23   25   48
    7   11   23   27   48
    7   11   23   39   48
    7   11   23   41   48
    7   11   23   43   48
    7   11   23   47   48
    7   11   25   27   48
    7   11   25   39   48
    7   11   25   41   48
    7   11   25   43   48
    7   11   25   47   48
    7   11   27   39   48
    7   11   27   41   48
    7   11   27   43   48
    7   11   27   47   48
    7   11   39   41   48
    7   11   39   43   48
    7   11   39   47   48
    7   11   41   43   48
    7   11   41   47   48
    7   11   43   47   48
    7   16   17   32   48
    7   16   17   33   48
    7   16   17   42   48
    7   16   17   43   48
    7   16   32   33   48
    7   16   32   42   48
    7   16   32   43   48
    7   16   33   42   48
    7   16   33   43   48
    7   16   42   43   48
    7   17   32   33   48
    7   17   32   42   48
    7   17   32   43   48
    7   17   33   42   48
    7   17   33   43   48
    7   17   42   43   48
    7   21   23   25   48
    7   21   23   27   48
    7   21   23   39   48
    7   21   23   41   48
    7   21   23   43   48
    7   21   23   47   48
    7   21   25   27   48
    7   21   25   39   48
    7   21   25   41   48
    7   21   25   43   48
    7   21   25   47   48
    7   21   27   39   48
    7   21   27   41   48
    7   21   27   43   48
    7   21   27   47   48
    7   21   39   41   48
    7   21   39   43   48
    7   21   39   47   48
    7   21   41   43   48
    7   21   41   47   48
    7   21   43   47   48
    7   23   25   27   48
    7   23   25   39   48
    7   23   25   41   48
    7   23   25   43   48
    7   23   25   47   48
    7   23   27   39   48
    7   23   27   41   48
    7   23   27   43   48
    7   23   27   47   48
    7   23   39   41   48
    7   23   39   43   48
    7   23   39   47   48
    7   23   41   43   48
    7   23   41   47   48
    7   23   43   47   48
    7   25   27   39   48
    7   25   27   41   48
    7   25   27   43   48
    7   25   27   47   48
    7   25   39   41   48
    7   25   39   43   48
    7   25   39   47   48
    7   25   41   43   48
    7   25   41   47   48
    7   25   43   47   48
    7   27   39   41   48
    7   27   39   43   48
    7   27   39   47   48
    7   27   41   43   48
    7   27   41   47   48
    7   27   43   47   48
    7   32   33   42   48
    7   32   33   43   48
    7   32   42   43   48
    7   33   42   43   48
    7   39   41   43   48
    7   39   41   47   48
    7   39   43   47   48
    7   41   43   47   48
    8    9   10   11   48
    8    9   10   22   48
    8    9   10   23   48
    8    9   10   26   48
    8    9   10   27   48
    8    9   10   44   48
    8    9   10   45   48
    8    9   10   46   48
    8    9   10   47   48
    8    9   11   22   48
    8    9   11   23   48
    8    9   11   26   48
    8    9   11   27   48
    8    9   11   44   48
    8    9   11   45   48
    8    9   11   46   48
    8    9   11   47   48
    8    9   22   23   48
    8    9   22   26   48
    8    9   22   27   48
    8    9   22   44   48
    8    9   22   45   48
    8    9   22   46   48
    8    9   22   47   48
    8    9   23   26   48
    8    9   23   27   48
    8    9   23   44   48
    8    9   23   45   48
    8    9   23   46   48
    8    9   23   47   48
    8    9   26   27   48
    8    9   26   44   48
    8    9   26   45   48
    8    9   26   46   48
    8    9   26   47   48
    8    9   27   44   48
    8    9   27   45   48
    8    9   27   46   48
    8    9   27   47   48
    8    9   44   45   48
    8    9   44   46   48
    8    9   44   47   48
    8    9   45   46   48
    8    9   45   47   48
    8    9   46   47   48
    8   10   11   22   48
    8   10   11   23   48
    8   10   11   26   48
    8   10   11   27   48
    8   10   11   44   48
    8   10   11   45   48
    8   10   11   46   48
    8   10   11   47   48
    8   10   22   23   48
    8   10   22   26   48
    8   10   22   27   48
    8   10   22   44   48
    8   10   22   45   48
    8   10   22   46   48
    8   10   22   47   48
    8   10   23   26   48
    8   10   23   27   48
    8   10   23   44   48
    8   10   23   45   48
    8   10   23   46   48
    8   10   23   47   48
    8   10   26   27   48
    8   10   26   44   48
    8   10   26   45   48
    8   10   26   46   48
    8   10   26   47   48
    8   10   27   44   48
    8   10   27   45   48
    8   10   27   46   48
    8   10   27   47   48
    8   10   44   45   48
    8   10   44   46   48
    8   10   44   47   48
    8   10   45   46   48
    8   10   45   47   48
    8   10   46   47   48
    8   11   22   23   48
    8   11   22   26   48
    8   11   22   27   48
    8   11   22   44   48
    8   11   22   45   48
    8   11   22   46   48
    8   11   22   47   48
    8   11   23   26   48
    8   11   23   27   48
    8   11   23   44   48
    8   11   23   45   48
    8   11   23   46   48
    8   11   23   47   48
    8   11   26   27   48
    8   11   26   44   48
    8   11   26   45   48
    8   11   26   46   48
    8   11   26   47   48
    8   11   27   44   48
    8   11   27   45   48
    8   11   27   46   48
    8   11   27   47   48
    8   11   44   45   48
    8   11   44   46   48
    8   11   44   47   48
    8   11   45   46   48
    8   11   45   47   48
    8   11   46   47   48
    8   20   22   24   48
    8   20   22   26   48
    8   20   22   36   48
    8   20   22   40   48
    8   20   22   42   48
    8   20   22   44   48
    8   20   24   26   48
    8   20   24   36   48
    8   20   24   40   48
    8   20   24   42   48
    8   20   24   44   48
    8   20   26   36   48
    8   20   26   40   48
    8   20   26   42   48
    8   20   26   44   48
    8   20   36   40   48
    8   20   36   42   48
    8   20   36   44   48
    8   20   40   42   48
    8   20   40   44   48
    8   20   42   44   48
    8   22   23   26   48
    8   22   23   27   48
    8   22   23   44   48
    8   22   23   45   48
    8   22   23   46   48
    8   22   23   47   48
    8   22   24   26   48
    8   22   24   36   48
    8   22   24   40   48
    8   22   24   42   48
    8   22   24   44   48
    8   22   26   27   48
    8   22   26   36   48
    8   22   26   40   48
    8   22   26   42   48
    8   22   26   44   48
    8   22   26   45   48
    8   22   26   46   48
    8   22   26   47   48
    8   22   27   44   48
    8   22   27   45   48
    8   22   27   46   48
    8   22   27   47   48
    8   22   36   40   48
    8   22   36   42   48
    8   22   36   44   48
    8   22   40   42   48
    8   22   40   44   48
    8   22   42   44   48
    8   22   44   45   48
    8   22   44   46   48
    8   22   44   47   48
    8   22   45   46   48
    8   22   45   47   48
    8   22   46   47   48
    8   23   26   27   48
    8   23   26   44   48
    8   23   26   45   48
    8   23   26   46   48
    8   23   26   47   48
    8   23   27   44   48
    8   23   27   45   48
    8   23   27   46   48
    8   23   27   47   48
    8   23   44   45   48
    8   23   44   46   48
    8   23   44   47   48
    8   23   45   46   48
    8   23   45   47   48
    8   23   46   47   48
    8   24   26   36   48
    8   24   26   40   48
    8   24   26   42   48
    8   24   26   44   48
    8   24   36   40   48
    8   24   36   42   48
    8   24   36   44   48
    8   24   40   42   48
    8   24   40   44   48
    8   24   42   44   48
    8   26   27   44   48
    8   26   27   45   48
    8   26   27   46   48
    8   26   27   47   48
    8   26   36   40   48
    8   26   36   42   48
    8   26   36   44   48
    8   26   40   42   48
    8   26   40   44   48
    8   26   42   44   48
    8   26   44   45   48
    8   26   44   46   48
    8   26   44   47   48
    8   26   45   46   48
    8   26   45   47   48
    8   26   46   47   48
    8   27   44   45   48
    8   27   44   46   48
    8   27   44   47   48
    8   27   45   46   48
    8   27   45   47   48
    8   27   46   47   48
    8   36   40   42   48
    8   36   40   44   48
    8   36   42   44   48
    8   40   42   44   48
    8   44   45   46   48
    8   44   45   47   48
    8   44   46   47   48
    8   45   46   47   48
    9   10   11   22   48
    9   10   11   23   48
    9   10   11   26   48
    9   10   11   27   48
    9   10   11   44   48
    9   10   11   45   48
    9   10   11   46   48
    9   10   11   47   48
    9   10   22   23   48
    9   10   22   26   48
    9   10   22   27   48
    9   10   22   44   48
    9   10   22   45   48
    9   10   22   46   48
    9   10   22   47   48
    9   10   23   26   48
    9   10   23   27   48
    9   10   23   44   48
    9   10   23   45   48
    9   10   23   46   48
    9   10   23   47   48
    9   10   26   27   48
    9   10   26   44   48
    9   10   26   45   48
    9   10   26   46   48
    9   10   26   47   48
    9   10   27   44   48
    9   10   27   45   48
    9   10   27   46   48
    9   10   27   47   48
    9   10   44   45   48
    9   10   44   46   48
    9   10   44   47   48
    9   10   45   46   48
    9   10   45   47   48
    9   10   46   47   48
    9   11   22   23   48
    9   11   22   26   48
    9   11   22   27   48
    9   11   22   44   48
    9   11   22   45   48
    9   11   22   46   48
    9   11   22   47   48
    9   11   23   26   48
    9   11   23   27   48
    9   11   23   44   48
    9   11   23   45   48
    9   11   23   46   48
    9   11   23   47   48
    9   11   26   27   48
    9   11   26   44   48
    9   11   26   45   48
    9   11   26   46   48
    9   11   26   47   48
    9   11   27   44   48
    9   11   27   45   48
    9   11   27   46   48
    9   11   27   47   48
    9   11   44   45   48
    9   11   44   46   48
    9   11   44   47   48
    9   11   45   46   48
    9   11   45   47   48
    9   11   46   47   48
    9   14   16   30   48
    9   14   16   32   48
    9   14   16   37   48
    9   14   16   45   48
    9   14   30   32   48
    9   14   30   37   48
    9   14   30   45   48
    9   14   32   37   48
    9   14   32   45   48
    9   14   37   45   48
    9   16   30   32   48
    9   16   30   37   48
    9   16   30   45   48
    9   16   32   37   48
    9   16   32   45   48
    9   16   37   45   48
    9   22   23   26   48
    9   22   23   27   48
    9   22   23   44   48
    9   22   23   45   48
    9   22   23   46   48
    9   22   23   47   48
    9   22   26   27   48
    9   22   26   44   48
    9   22   26   45   48
    9   22   26   46   48
    9   22   26   47   48
    9   22   27   44   48
    9   22   27   45   48
    9   22   27   46   48
    9   22   27   47   48
    9   22   44   45   48
    9   22   44   46   48
    9   22   44   47   48
    9   22   45   46   48
    9   22   45   47   48
    9   22   46   47   48
    9   23   26   27   48
    9   23   26   44   48
    9   23   26   45   48
    9   23   26   46   48
    9   23   26   47   48
    9   23   27   44   48
    9   23   27   45   48
    9   23   27   46   48
    9   23   27   47   48
    9   23   44   45   48
    9   23   44   46   48
    9   23   44   47   48
    9   23   45   46   48
    9   23   45   47   48
    9   23   46   47   48
    9   26   27   44   48
    9   26   27   45   48
    9   26   27   46   48
    9   26   27   47   48
    9   26   44   45   48
    9   26   44   46   48
    9   26   44   47   48
    9   26   45   46   48
    9   26   45   47   48
    9   26   46   47   48
    9   27   44   45   48
    9   27   44   46   48
    9   27   44   47   48
    9   27   45   46   48
    9   27   45   47   48
    9   27   46   47   48
    9   30   32   37   48
    9   30   32   45   48
    9   30   37   45   48
    9   32   37   45   48
    9   44   45   46   48
    9   44   45   47   48
    9   44   46   47   48
    9   45   46   47   48
   10   11   22   23   48
   10   11   22   26   48
   10   11   22   27   48
   10   11   22   44   48
   10   11   22   45   48
   10   11   22   46   48
   10   11   22   47   48
   10   11   23   26   48
   10   11   23   27   48
   10   11   23   44   48
   10   11   23   45   48
   10   11   23   46   48
   10   11   23   47   48
   10   11   26   27   48
   10   11   26   44   48
   10   11   26   45   48
   10   11   26   46   48
   10   11   26   47   48
   10   11   27   44   48
   10   11   27   45   48
   10   11   27   46   48
   10   11   27   47   48
   10   11   44   45   48
   10   11   44   46   48
   10   11   44   47   48
   10   11   45   46   48
   10   11   45   47   48
   10   11   46   47   48
   10   15   17   31   48
   10   15   17   33   48
   10   15   17   38   48
   10   15   17   46   48
   10   15   31   33   48
   10   15   31   38   48
   10   15   31   46   48
   10   15   33   38   48
   10   15   33   46   48
   10   15   38   46   48
   10   17   31   33   48
   10   17   31   38   48
   10   17   31   46   48
   10   17   33   38   48
   10   17   33   46   48
   10   17   38   46   48
   10   22   23   26   48
   10   22   23   27   48
   10   22   23   44   48
   10   22   23   45   48
   10   22   23   46   48
   10   22   23   47   48
   10   22   26   27   48
   10   22   26   44   48
   10   22   26   45   48
   10   22   26   46   48
   10   22   26   47   48
   10   22   27   44   48
   10   22   27   45   48
   10   22   27   46   48
   10   22   27   47   48
   10   22   44   45   48
   10   22   44   46   48
   10   22   44   47   48
   10   22   45   46   48
   10   22   45   47   48
   10   22   46   47   48
   10   23   26   27   48
   10   23   26   44   48
   10   23   26   45   48
   10   23   26   46   48
   10   23   26   47   48
   10   23   27   44   48
   10   23   27   45   48
   10   23   27   46   48
   10   23   27   47   48
   10   23   44   45   48
   10   23   44   46   48
   10   23   44   47   48
   10   23   45   46   48
   10   23   45   47   48
   10   23   46   47   48
   10   26   27   44   48
   10   26   27   45   48
   10   26   27   46   48
   10   26   27   47   48
   10   26   44   45   48
   10   26   44   46   48
   10   26   44   47   48
   10   26   45   46   48
   10   26   45   47   48
   10   26   46   47   48
   10   27   44   45   48
   10   27   44   46   48
   10   27   44   47   48
   10   27   45   46   48
   10   27   45   47   48
   10   27   46   47   48
   10   31   33   38   48
   10   31   33   46   48
   10   31   38   46   48
   10   33   38   46   48
   10   44   45   46   48
   10   44   45   47   48
   10   44   46   47   48
   10   45   46   47   48
   11   21   23   25   48
   11   21   23   27   48
   11   21   23   39   48
   11   21   23   41   48
   11   21   23   43   48
   11   21   23   47   48
   11   21   25   27   48
   11   21   25   39   48
   11   21   25   41   48
   11   21   25   43   48
   11   21   25   47   48
   11   21   27   39   48
   11   21   27   41   48
   11   21   27   43   48
   11   21   27   47   48
   11   21   39   41   48
   11   21   39   43   48
   11   21   39   47   48
   11   21   41   43   48
   11   21   41   47   48
   11   21   43   47   48
   11   22   23   26   48
   11   22   23   27   48
   11   22   23   44   48
   11   22   23   45   48
   11   22   23   46   48
   11   22   23   47   48
   11   22   26   27   48
   11   22   26   44   48
   11   22   26   45   48
   11   22   26   46   48
   11   22   26   47   48
   11   22   27   44   48
   11   22   27   45   48
   11   22   27   46   48
   11   22   27   47   48
   11   22   44   45   48
   11   22   44   46   48
   11   22   44   47   48
   11   22   45   46   48
   11   22   45   47   48
   11   22   46   47   48
   11   23   25   27   48
   11   23   25   39   48
   11   23   25   41   48
   11   23   25   43   48
   11   23   25   47   48
   11   23   26   27   48
   11   23   26   44   48
   11   23   26   45   48
   11   23   26   46   48
   11   23   26   47   48
   11   23   27   39   48
   11   23   27   41   48
   11   23   27   43   48
   11   23   27   44   48
   11   23   27   45   48
   11   23   27   46   48
   11   23   27   47   48
   11   23   39   41   48
   11   23   39   43   48
   11   23   39   47   48
   11   23   41   43   48
   11   23   41   47   48
   11   23   43   47   48
   11   23   44   45   48
   11   23   44   46   48
   11   23   44   47   48
   11   23   45   46   48
   11   23   45   47   48
   11   23   46   47   48
   11   25   27   39   48
   11   25   27   41   48
   11   25   27   43   48
   11   25   27   47   48
   11   25   39   41   48
   11   25   39   43   48
   11   25   39   47   48
   11   25   41   43   48
   11   25   41   47   48
   11   25   43   47   48
   11   26   27   44   48
   11   26   27   45   48
   11   26   27   46   48
   11   26   27   47   48
   11   26   44   45   48
   11   26   44   46   48
   11   26   44   47   48
   11   26   45   46   48
   11   26   45   47   48
   11   26   46   47   48
   11   27   39   41   48
   11   27   39   43   48
   11   27   39   47   48
   11   27   41   43   48
   11   27   41   47   48
   11   27   43   47   48
   11   27   44   45   48
   11   27   44   46   48
   11   27   44   47   48
   11   27   45   46   48
   11   27   45   47   48
   11   27   46   47   48
   11   39   41   43   48
   11   39   41   47   48
   11   39   43   47   48
   11   41   43   47   48
   11   44   45   46   48
   11   44   45   47   48
   11   44   46   47   48
   11   45   46   47   48
   12   13   14   15   48
   12   13   14   16   48
   12   13   14   17   48
   12   13   14   18   48
   12   13   14   19   48
   12   13   15   16   48
   12   13   15   17   48
   12   13   15   18   48
   12   13   15   19   48
   12   13   16   17   48
   12   13   16   18   48
   12   13   16   19   48
   12   13   17   18   48
   12   13   17   19   48
   12   13   18   19   48
   12   13   28   29   48
   12   14   15   16   48
   12   14   15   17   48
   12   14   15   18   48
   12   14   15   19   48
   12   14   16   17   48
   12   14   16   18   48
   12   14   16   19   48
   12   14   17   18   48
   12   14   17   19   48
   12   14   18   19   48
   12   15   16   17   48
   12   15   16   18   48
   12   15   16   19   48
   12   15   17   18   48
   12   15   17   19   48
   12   15   18   19   48
   12   16   17   18   48
   12   16   17   19   48
   12   16   18   19   48
   12   17   18   19   48
   12   18   28   34   48
   13   14   15   16   48
   13   14   15   17   48
   13   14   15   18   48
   13   14   15   19   48
   13   14   16   17   48
   13   14   16   18   48
   13   14   16   19   48
   13   14   17   18   48
   13   14   17   19   48
   13   14   18   19   48
   13   15   16   17   48
   13   15   16   18   48
   13   15   16   19   48
   13   15   17   18   48
   13   15   17   19   48
   13   15   18   19   48
   13   16   17   18   48
   13   16   17   19   48
   13   16   18   19   48
   13   17   18   19   48
   13   19   29   35   48
   14   15   16   17   48
   14   15   16   18   48
   14   15   16   19   48
   14   15   17   18   48
   14   15   17   19   48
   14   15   18   19   48
   14   15   30   31   48
   14   15   30   40   48
   14   15   30   41   48
   14   15   31   40   48
   14   15   31   41   48
   14   15   40   41   48
   14   16   17   18   48
   14   16   17   19   48
   14   16   18   19   48
   14   16   30   32   48
   14   16   30   37   48
   14   16   30   45   48
   14   16   32   37   48
   14   16   32   45   48
   14   16   37   45   48
   14   17   18   19   48
   14   30   31   40   48
   14   30   31   41   48
   14   30   32   37   48
   14   30   32   45   48
   14   30   37   45   48
   14   30   40   41   48
   14   31   40   41   48
   14   32   37   45   48
   15   16   17   18   48
   15   16   17   19   48
   15   16   18   19   48
   15   17   18   19   48
   15   17   31   33   48
   15   17   31   38   48
   15   17   31   46   48
   15   17   33   38   48
   15   17   33   46   48
   15   17   38   46   48
   15   30   31   40   48
   15   30   31   41   48
   15   30   40   41   48
   15   31   33   38   48
   15   31   33   46   48
   15   31   38   46   48
   15   31   40   41   48
   15   33   38   46   48
   16   17   18   19   48
   16   17   32   33   48
   16   17   32   42   48
   16   17   32   43   48
   16   17   33   42   48
   16   17   33   43   48
   16   17   42   43   48
   16   30   32   37   48
   16   30   32   45   48
   16   30   37   45   48
   16   32   33   42   48
   16   32   33   43   48
   16   32   37   45   48
   16   32   42   43   48
   16   33   42   43   48
   17   31   33   38   48
   17   31   33   46   48
   17   31   38   46   48
   17   32   33   42   48
   17   32   33   43   48
   17   32   42   43   48
   17   33   38   46   48
   17   33   42   43   48
   18   19   34   35   48
   20   21   22   23   48
   20   21   24   25   48
   20   21   24   36   48
   20   21   24   37   48
   20   21   24   38   48
   20   21   24   39   48
   20   21   25   36   48
   20   21   25   37   48
   20   21   25   38   48
   20   21   25   39   48
   20   21   36   37   48
   20   21   36   38   48
   20   21   36   39   48
   20   21   37   38   48
   20   21   37   39   48
   20   21   38   39   48
   20   22   24   26   48
   20   22   24   36   48
   20   22   24   40   48
   20   22   24   42   48
   20   22   24   44   48
   20   22   26   36   48
   20   22   26   40   48
   20   22   26   42   48
   20   22   26   44   48
   20   22   36   40   48
   20   22   36   42   48
   20   22   36   44   48
   20   22   40   42   48
   20   22   40   44   48
   20   22   42   44   48
   20   24   25   36   48
   20   24   25   37   48
   20   24   25   38   48
   20   24   25   39   48
   20   24   26   36   48
   20   24   26   40   48
   20   24   26   42   48
   20   24   26   44   48
   20   24   36   37   48
   20   24   36   38   48
   20   24   36   39   48
   20   24   36   40   48
   20   24   36   42   48
   20   24   36   44   48
   20   24   37   38   48
   20   24   37   39   48
   20   24   38   39   48
   20   24   40   42   48
   20   24   40   44   48
   20   24   42   44   48
   20   25   36   37   48
   20   25   36   38   48
   20   25   36   39   48
   20   25   37   38   48
   20   25   37   39   48
   20   25   38   39   48
   20   26   36   40   48
   20   26   36   42   48
   20   26   36   44   48
   20   26   40   42   48
   20   26   40   44   48
   20   26   42   44   48
   20   36   37   38   48
   20   36   37   39   48
   20   36   38   39   48
   20   36   40   42   48
   20   36   40   44   48
   20   36   42   44   48
   20   37   38   39   48
   20   40   42   44   48
   21   23   25   27   48
   21   23   25   39   48
   21   23   25   41   48
   21   23   25   43   48
   21   23   25   47   48
   21   23   27   39   48
   21   23   27   41   48
   21   23   27   43   48
   21   23   27   47   48
   21   23   39   41   48
   21   23   39   43   48
   21   23   39   47   48
   21   23   41   43   48
   21   23   41   47   48
   21   23   43   47   48
   21   24   25   36   48
   21   24   25   37   48
   21   24   25   38   48
   21   24   25   39   48
   21   24   36   37   48
   21   24   36   38   48
   21   24   36   39   48
   21   24   37   38   48
   21   24   37   39   48
   21   24   38   39   48
   21   25   27   39   48
   21   25   27   41   48
   21   25   27   43   48
   21   25   27   47   48
   21   25   36   37   48
   21   25   36   38   48
   21   25   36   39   48
   21   25   37   38   48
   21   25   37   39   48
   21   25   38   39   48
   21   25   39   41   48
   21   25   39   43   48
   21   25   39   47   48
   21   25   41   43   48
   21   25   41   47   48
   21   25   43   47   48
   21   27   39   41   48
   21   27   39   43   48
   21   27   39   47   48
   21   27   41   43   48
   21   27   41   47   48
   21   27   43   47   48
   21   36   37   38   48
   21   36   37   39   48
   21   36   38   39   48
   21   37   38   39   48
   21   39   41   43   48
   21   39   41   47   48
   21   39   43   47   48
   21   41   43   47   48
   22   23   26   27   48
   22   23   26   44   48
   22   23   26   45   48
   22   23   26   46   48
   22   23   26   47   48
   22   23   27   44   48
   22   23   27   45   48
   22   23   27   46   48
   22   23   27   47   48
   22   23   44   45   48
   22   23   44   46   48
   22   23   44   47   48
   22   23   45   46   48
   22   23   45   47   48
   22   23   46   47   48
   22   24   26   36   48
   22   24   26   40   48
   22   24   26   42   48
   22   24   26   44   48
   22   24   36   40   48
   22   24   36   42   48
   22   24   36   44   48
   22   24   40   42   48
   22   24   40   44   48
   22   24   42   44   48
   22   26   27   44   48
   22   26   27   45   48
   22   26   27   46   48
   22   26   27   47   48
   22   26   36   40   48
   22   26   36   42   48
   22   26   36   44   48
   22   26   40   42   48
   22   26   40   44   48
   22   26   42   44   48
   22   26   44   45   48
   22   26   44   46   48
   22   26   44   47   48
   22   26   45   46   48
   22   26   45   47   48
   22   26   46   47   48
   22   27   44   45   48
   22   27   44   46   48
   22   27   44   47   48
   22   27   45   46   48
   22   27   45   47   48
   22   27   46   47   48
   22   36   40   42   48
   22   36   40   44   48
   22   36   42   44   48
   22   40   42   44   48
   22   44   45   46   48
   22   44   45   47   48
   22   44   46   47   48
   22   45   46   47   48
   23   25   27   39   48
   23   25   27   41   48
   23   25   27   43   48
   23   25   27   47   48
   23   25   39   41   48
   23   25   39   43   48
   23   25   39   47   48
   23   25   41   43   48
   23   25   41   47   48
   23   25   43   47   48
   23   26   27   44   48
   23   26   27   45   48
   23   26   27   46   48
   23   26   27   47   48
   23   26   44   45   48
   23   26   44   46   48
   23   26   44   47   48
   23   26   45   46   48
   23   26   45   47   48
   23   26   46   47   48
   23   27   39   41   48
   23   27   39   43   48
   23   27   39   47   48
   23   27   41   43   48
   23   27   41   47   48
   23   27   43   47   48
   23   27   44   45   48
   23   27   44   46   48
   23   27   44   47   48
   23   27   45   46   48
   23   27   45   47   48
   23   27   46   47   48
   23   39   41   43   48
   23   39   41   47   48
   23   39   43   47   48
   23   41   43   47   48
   23   44   45   46   48
   23   44   45   47   48
   23   44   46   47   48
   23   45   46   47   48
   24   25   26   27   48
   24   25   36   37   48
   24   25   36   38   48
   24   25   36   39   48
   24   25   37   38   48
   24   25   37   39   48
   24   25   38   39   48
   24   26   36   40   48
   24   26   36   42   48
   24   26   36   44   48
   24   26   40   42   48
   24   26   40   44   48
   24   26   42   44   48
   24   36   37   38   48
   24   36   37   39   48
   24   36   38   39   48
   24   36   40   42   48
   24   36   40   44   48
   24   36   42   44   48
   24   37   38   39   48
   24   40   42   44   48
   25   27   39   41   48
   25   27   39   43   48
   25   27   39   47   48
   25   27   41   43   48
   25   27   41   47   48
   25   27   43   47   48
   25   36   37   38   48
   25   36   37   39   48
   25   36   38   39   48
   25   37   38   39   48
   25   39   41   43   48
   25   39   41   47   48
   25   39   43   47   48
   25   41   43   47   48
   26   27   44   45   48
   26   27   44   46   48
   26   27   44   47   48
   26   27   45   46   48
   26   27   45   47   48
   26   27   46   47   48
   26   36   40   42   48
   26   36   40   44   48
   26   36   42   44   48
   26   40   42   44   48
   26   44   45   46   48
   26   44   45   47   48
   26   44   46   47   48
   26   45   46   47   48
   27   39   41   43   48
   27   39   41   47   48
   27   39   43   47   48
   27   41   43   47   48
   27   44   45   46   48
   27   44   45   47   48
   27   44   46   47   48
   27   45   46   47   48
   28   29   30   31   48
   28   29   30   32   48
   28   29   30   33   48
   28   29   30   34   48
   28   29   30   35   48
   28   29   31   32   48
   28   29   31   33   48
   28   29   31   34   48
   28   29   31   35   48
   28   29   32   33   48
   28   29   32   34   48
   28   29   32   35   48
   28   29   33   34   48
   28   29   33   35   48
   28   29   34   35   48
   28   30   31   32   48
   28   30   31   33   48
   28   30   31   34   48
   28   30   31   35   48
   28   30   32   33   48
   28   30   32   34   48
   28   30   32   35   48
   28   30   33   34   48
   28   30   33   35   48
   28   30   34   35   48
   28   31   32   33   48
   28   31   32   34   48
   28   31   32   35   48
   28   31   33   34   48
   28   31   33   35   48
   28   31   34   35   48
   28   32   33   34   48
   28   32   33   35   48
   28   32   34   35   48
   28   33   34   35   48
   29   30   31   32   48
   29   30   31   33   48
   29   30   31   34   48
   29   30   31   35   48
   29   30   32   33   48
   29   30   32   34   48
   29   30   32   35   48
   29   30   33   34   48
   29   30   33   35   48
   29   30   34   35   48
   29   31   32   33   48
   29   31   32   34   48
   29   31   32   35   48
   29   31   33   34   48
   29   31   33   35   48
   29   31   34   35   48
   29   32   33   34   48
   29   32   33   35   48
   29   32   34   35   48
   29   33   34   35   48
   30   31   32   33   48
   30   31   32   34   48
   30   31   32   35   48
   30   31   33   34   48
   30   31   33   35   48
   30   31   34   35   48
   30   31   40   41   48
   30   32   33   34   48
   30   32   33   35   48
   30   32   34   35   48
   30   32   37   45   48
   30   33   34   35   48
   31   32   33   34   48
   31   32   33   35   48
   31   32   34   35   48
   31   33   34   35   48
   31   33   38   46   48
   32   33   34   35   48
   32   33   42   43   48
   36   37   38   39   48
   36   37   38   40   48
   36   37   38   41   48
   36   37   38   42   48
   36   37   38   43   48
   36   37   38   44   48
   36   37   38   45   48
   36   37   38   46   48
   36   37   38   47   48
   36   37   39   40   48
   36   37   39   41   48
   36   37   39   42   48
   36   37   39   43   48
   36   37   39   44   48
   36   37   39   45   48
   36   37   39   46   48
   36   37   39   47   48
   36   37   40   41   48
   36   37   40   42   48
   36   37   40   43   48
   36   37   40   44   48
   36   37   40   45   48
   36   37   40   46   48
   36   37   40   47   48
   36   37   41   42   48
   36   37   41   43   48
   36   37   41   44   48
   36   37   41   45   48
   36   37   41   46   48
   36   37   41   47   48
   36   37   42   43   48
   36   37   42   44   48
   36   37   42   45   48
   36   37   42   46   48
   36   37   42   47   48
   36   37   43   44   48
   36   37   43   45   48
   36   37   43   46   48
   36   37   43   47   48
   36   37   44   45   48
   36   37   44   46   48
   36   37   44   47   48
   36   37   45   46   48
   36   37   45   47   48
   36   37   46   47   48
   36   38   39   40   48
   36   38   39   41   48
   36   38   39   42   48
   36   38   39   43   48
   36   38   39   44   48
   36   38   39   45   48
   36   38   39   46   48
   36   38   39   47   48
   36   38   40   41   48
   36   38   40   42   48
   36   38   40   43   48
   36   38   40   44   48
   36   38   40   45   48
   36   38   40   46   48
   36   38   40   47   48
   36   38   41   42   48
   36   38   41   43   48
   36   38   41   44   48
   36   38   41   45   48
   36   38   41   46   48
   36   38   41   47   48
   36   38   42   43   48
   36   38   42   44   48
   36   38   42   45   48
   36   38   42   46   48
   36   38   42   47   48
   36   38   43   44   48
   36   38   43   45   48
   36   38   43   46   48
   36   38   43   47   48
   36   38   44   45   48
   36   38   44   46   48
   36   38   44   47   48
   36   38   45   46   48
   36   38   45   47   48
   36   38   46   47   48
   36   39   40   41   48
   36   39   40   42   48
   36   39   40   43   48
   36   39   40   44   48
   36   39   40   45   48
   36   39   40   46   48
   36   39   40   47   48
   36   39   41   42   48
   36   39   41   43   48
   36   39   41   44   48
   36   39   41   45   48
   36   39   41   46   48
   36   39   41   47   48
   36   39   42   43   48
   36   39   42   44   48
   36   39   42   45   48
   36   39   42   46   48
   36   39   42   47   48
   36   39   43   44   48
   36   39   43   45   48
   36   39   43   46   48
   36   39   43   47   48
   36   39   44   45   48
   36   39   44   46   48
   36   39   44   47   48
   36   39   45   46   48
   36   39   45   47   48
   36   39   46   47   48
   36   40   41   42   48
   36   40   41   43   48
   36   40   41   44   48
   36   40   41   45   48
   36   40   41   46   48
   36   40   41   47   48
   36   40   42   43   48
   36   40   42   44   48
   36   40   42   45   48
   36   40   42   46   48
   36   40   42   47   48
   36   40   43   44   48
   36   40   43   45   48
   36   40   43   46   48
   36   40   43   47   48
   36   40   44   45   48
   36   40   44   46   48
   36   40   44   47   48
   36   40   45   46   48
   36   40   45   47   48
   36   40   46   47   48
   36   41   42   43   48
   36   41   42   44   48
   36   41   42   45   48
   36   41   42   46   48
   36   41   42   47   48
   36   41   43   44   48
   36   41   43   45   48
   36   41   43   46   48
   36   41   43   47   48
   36   41   44   45   48
   36   41   44   46   48
   36   41   44   47   48
   36   41   45   46   48
   36   41   45   47   48
   36   41   46   47   48
   36   42   43   44   48
   36   42   43   45   48
   36   42   43   46   48
   36   42   43   47   48
   36   42   44   45   48
   36   42   44   46   48
   36   42   44   47   48
   36   42   45   46   48
   36   42   45   47   48
   36   42   46   47   48
   36   43   44   45   48
   36   43   44   46   48
   36   43   44   47   48
   36   43   45   46   48
   36   43   45   47   48
   36   43   46   47   48
   36   44   45   46   48
   36   44   45   47   48
   36   44   46   47   48
   36   45   46   47   48
   37   38   39   40   48
   37   38   39   41   48
   37   38   39   42   48
   37   38   39   43   48
   37   38   39   44   48
   37   38   39   45   48
   37   38   39   46   48
   37   38   39   47   48
   37   38   40   41   48
   37   38   40   42   48
   37   38   40   43   48
   37   38   40   44   48
   37   38   40   45   48
   37   38   40   46   48
   37   38   40   47   48
   37   38   41   42   48
   37   38   41   43   48
   37   38   41   44   48
   37   38   41   45   48
   37   38   41   46   48
   37   38   41   47   48
   37   38   42   43   48
   37   38   42   44   48
   37   38   42   45   48
   37   38   42   46   48
   37   38   42   47   48
   37   38   43   44   48
   37   38   43   45   48
   37   38   43   46   48
   37   38   43   47   48
   37   38   44   45   48
   37   38   44   46   48
   37   38   44   47   48
   37   38   45   46   48
   37   38   45   47   48
   37   38   46   47   48
   37   39   40   41   48
   37   39   40   42   48
   37   39   40   43   48
   37   39   40   44   48
   37   39   40   45   48
   37   39   40   46   48
   37   39   40   47   48
   37   39   41   42   48
   37   39   41   43   48
   37   39   41   44   48
   37   39   41   45   48
   37   39   41   46   48
   37   39   41   47   48
   37   39   42   43   48
   37   39   42   44   48
   37   39   42   45   48
   37   39   42   46   48
   37   39   42   47   48
   37   39   43   44   48
   37   39   43   45   48
   37   39   43   46   48
   37   39   43   47   48
   37   39   44   45   48
   37   39   44   46   48
   37   39   44   47   48
   37   39   45   46   48
   37   39   45   47   48
   37   39   46   47   48
   37   40   41   42   48
   37   40   41   43   48
   37   40   41   44   48
   37   40   41   45   48
   37   40   41   46   48
   37   40   41   47   48
   37   40   42   43   48
   37   40   42   44   48
   37   40   42   45   48
   37   40   42   46   48
   37   40   42   47   48
   37   40   43   44   48
   37   40   43   45   48
   37   40   43   46   48
   37   40   43   47   48
   37   40   44   45   48
   37   40   44   46   48
   37   40   44   47   48
   37   40   45   46   48
   37   40   45   47   48
   37   40   46   47   48
   37   41   42   43   48
   37   41   42   44   48
   37   41   42   45   48
   37   41   42   46   48
   37   41   42   47   48
   37   41   43   44   48
   37   41   43   45   48
   37   41   43   46   48
   37   41   43   47   48
   37   41   44   45   48
   37   41   44   46   48
   37   41   44   47   48
   37   41   45   46   48
   37   41   45   47   48
   37   41   46   47   48
   37   42   43   44   48
   37   42   43   45   48
   37   42   43   46   48
   37   42   43   47   48
   37   42   44   45   48
   37   42   44   46   48
   37   42   44   47   48
   37   42   45   46   48
   37   42   45   47   48
   37   42   46   47   48
   37   43   44   45   48
   37   43   44   46   48
   37   43   44   47   48
   37   43   45   46   48
   37   43   45   47   48
   37   43   46   47   48
   37   44   45   46   48
   37   44   45   47   48
   37   44   46   47   48
   37   45   46   47   48
   38   39   40   41   48
   38   39   40   42   48
   38   39   40   43   48
   38   39   40   44   48
   38   39   40   45   48
   38   39   40   46   48
   38   39   40   47   48
   38   39   41   42   48
   38   39   41   43   48
   38   39   41   44   48
   38   39   41   45   48
   38   39   41   46   48
   38   39   41   47   48
   38   39   42   43   48
   38   39   42   44   48
   38   39   42   45   48
   38   39   42   46   48
   38   39   42   47   48
   38   39   43   44   48
   38   39   43   45   48
   38   39   43   46   48
   38   39   43   47   48
   38   39   44   45   48
   38   39   44   46   48
   38   39   44   47   48
   38   39   45   46   48
   38   39   45   47   48
   38   39   46   47   48
   38   40   41   42   48
   38   40   41   43   48
   38   40   41   44   48
   38   40   41   45   48
   38   40   41   46   48
   38   40   41   47   48
   38   40   42   43   48
   38   40   42   44   48
   38   40   42   45   48
   38   40   42   46   48
   38   40   42   47   48
   38   40   43   44   48
   38   40   43   45   48
   38   40   43   46   48
   38   40   43   47   48
   38   40   44   45   48
   38   40   44   46   48
   38   40   44   47   48
   38   40   45   46   48
   38   40   45   47   48
   38   40   46   47   48
   38   41   42   43   48
   38   41   42   44   48
   38   41   42   45   48
   38   41   42   46   48
   38   41   42   47   48
   38   41   43   44   48
   38   41   43   45   48
   38   41   43   46   48
   38   41   43   47   48
   38   41   44   45   48
   38   41   44   46   48
   38   41   44   47   48
   38   41   45   46   48
   38   41   45   47   48
   38   41   46   47   48
   38   42   43   44   48
   38   42   43   45   48
   38   42   43   46   48
   38   42   43   47   48
   38   42   44   45   48
   38   42   44   46   48
   38   42   44   47   48
   38   42   45   46   48
   38   42   45   47   48
   38   42   46   47   48
   38   43   44   45   48
   38   43   44   46   48
   38   43   44   47   48
   38   43   45   46   48
   38   43   45   47   48
   38   43   46   47   48
   38   44   45   46   48
   38   44   45   47   48
   38   44   46   47   48
   38   45   46   47   48
   39   40   41   42   48
   39   40   41   43   48
   39   40   41   44   48
   39   40   41   45   48
   39   40   41   46   48
   39   40   41   47   48
   39   40   42   43   48
   39   40   42   44   48
   39   40   42   45   48
   39   40   42   46   48
   39   40   42   47   48
   39   40   43   44   48
   39   40   43   45   48
   39   40   43   46   48
   39   40   43   47   48
   39   40   44   45   48
   39   40   44   46   48
   39   40   44   47   48
   39   40   45   46   48
   39   40   45   47   48
   39   40   46   47   48
   39   41   42   43   48
   39   41   42   44   48
   39   41   42   45   48
   39   41   42   46   48
   39   41   42   47   48
   39   41   43   44   48
   39   41   43   45   48
   39   41   43   46   48
   39   41   43   47   48
   39   41   44   45   48
   39   41   44   46   48
   39   41   44   47   48
   39   41   45   46   48
   39   41   45   47   48
   39   41   46   47   48
   39   42   43   44   48
   39   42   43   45   48
   39   42   43   46   48
   39   42   43   47   48
   39   42   44   45   48
   39   42   44   46   48
   39   42   44   47   48
   39   42   45   46   48
   39   42   45   47   48
   39   42   46   47   48
   39   43   44   45   48
   39   43   44   46   48
   39   43   44   47   48
   39   43   45   46   48
   39   43   45   47   48
   39   43   46   47   48
   39   44   45   46   48
   39   44   45   47   48
   39   44   46   47   48
   39   45   46   47   48
   40   41   42   43   48
   40   41   42   44   48
   40   41   42   45   48
   40   41   42   46   48
   40   41   42   47   48
   40   41   43   44   48
   40   41   43   45   48
   40   41   43   46   48
   40   41   43   47   48
   40   41   44   45   48
   40   41   44   46   48
   40   41   44   47   48
   40   41   45   46   48
   40   41   45   47   48
   40   41   46   47   48
   40   42   43   44   48
   40   42   43   45   48
   40   42   43   46   48
   40   42   43   47   48
   40   42   44   45   48
   40   42   44   46   48
   40   42   44   47   48
   40   42   45   46   48
   40   42   45   47   48
   40   42   46   47   48
   40   43   44   45   48
   40   43   44   46   48
   40   43   44   47   48
   40   43   45   46   48
   40   43   45   47   48
   40   43   46   47   48
   40   44   45   46   48
   40   44   45   47   48
   40   44   46   47   48
   40   45   46   47   48
   41   42   43   44   48
   41   42   43   45   48
   41   42   43   46   48
   41   42   43   47   48
   41   42   44   45   48
   41   42   44   46   48
   41   42   44   47   48
   41   42   45   46   48
   41   42   45   47   48
   41   42   46   47   48
   41   43   44   45   48
   41   43   44   46   48
   41   43   44   47   48
   41   43   45   46   48
   41   43   45   47   48
   41   43   46   47   48
   41   44   45   46   48
   41   44   45   47   48
   41   44   46   47   48
   41   45   46   47   48
   42   43   44   45   48
   42   43   44   46   48
   42   43   44   47   48
   42   43   45   46   48
   42   43   45   47   48
   42   43   46   47   48
   42   44   45   46   48
   42   44   45   47   48
   42   44   46   47   48
   42   45   46   47   48
   43   44   45   46   48
   43   44   45   47   48
   43   44   46   47   48
   43   45   46   47   48
   44   45   46   47   48
